Quick Find :
Initial - [0,1,2,3,4,5,6,7,8,9]

9,0 - [0,1,2,3,4,5,6,7,8,0]
3,4 - [0,1,2,4,4,5,6,7,8,0]
5,8 - [0,1,2,4,4,8,6,7,8,0]
7,2 - [0,1,2,4,4,8,6,2,8,0]
2,1 - [0,1,1,4,4,8,6,1,8,0]
5,7 - [0,1,1,4,4,1,6,1,1,0]
0,3 - [4,1,1,4,4,1,6,1,1,4]
4,2 - [0,1,1,1,1,1,6,1,1,1]


Quick Union :
Initial - [0,1,2,3,4,5,6,7,8,9]

9,0 - [0,1,2,3,4,5,6,7,8,0]
3,4 - [0,1,2,4,4,5,6,7,8,0]
5,8 - [0,1,2,4,4,8,6,7,8,0]
7,2 - [0,1,2,4,4,8,6,2,8,0]
2,1 - [0,1,1,4,4,8,6,1,8,0]
5,7 - [0,1,1,4,4,8,6,2,1,0]
0,3 - [4,1,1,4,4,8,6,2,1,0]
4,2 - [4,1,1,4,1,8,6,2,1,0]

Weighted Quick Union :
Initial - [0,1,2,3,4,5,6,7,8,9]	size - [1,1,1,1,1,1,1,1,1,1]

9,0 - [9,1,2,3,4,5,6,7,8,9]	size - [1,1,1,1,1,1,1,1,1,2]
3,4 - [9,1,2,3,3,5,6,7,8,9]	size - [1,1,1,2,1,1,1,1,1,2]
5,8 - [9,1,2,3,3,5,6,7,5,9]	size - [1,1,1,2,1,1,2,1,1,2]
7,2 - [9,1,7,3,3,5,6,7,5,9]	size - [1,1,1,2,1,2,1,2,1,2]
2,1 - [9,7,7,3,3,5,6,7,5,9]	size - [1,1,1,2,1,2,1,3,1,2]
5,7 - [9,7,7,3,3,7,6,7,5,9]	size - [1,1,1,2,1,2,1,5,1,2]
0,3 - [9,7,7,9,3,7,6,7,5,9]	size - [1,1,1,2,1,2,1,5,1,4]
4,2 - [9,7,7,9,3,7,6,7,5,9]	size - [1,1,1,2,1,2,1,7,1,4]

Weighted Quick Union Path Compression :
Initial - [0,1,2,3,4,5,6,7,8,9]	size - [1,1,1,1,1,1,1,1,1,1]


9,0 - [9,1,2,3,4,5,6,7,8,9]	size - [1,1,1,1,1,1,1,1,1,2]
3,4 - [9,1,2,3,3,5,6,7,8,9]	size - [1,1,1,2,1,1,1,1,1,2]
5,8 - [9,1,2,3,3,5,6,7,5,9]	size - [1,1,1,2,1,1,2,1,1,2]
7,2 - [9,1,7,3,3,5,6,7,5,9]	size - [1,1,1,2,1,2,1,2,1,2]
2,1 - [9,7,7,3,3,5,6,7,5,9]	size - [1,1,2,2,1,2,1,2,1,2]
5,7 - [9,7,7,3,3,5,6,5,5,9]	size - [1,1,2,2,1,4,1,2,1,2]
0,3 - [9,7,7,3,3,5,6,5,5,3]	size - [1,1,2,3,1,4,1,2,1,2]	Intermediate array - [9,7,5,3,3,5,6,5,5,3]
4,2 - [9,7,5,5,3,5,6,5,5,3]	size - [1,1,2,7,1,4,1,2,1,2]


	
